-23695
-38839
27710
36310
-13019
40462
-43943
-8400
-22296
-2937
20584
8338
14035
-25813
-55806
-35700
23363
-54434
48932
-50466
41473
-11399
22955
-26847
47981
-13335
1863
27732
9825
22163
-30763
-56583
-15198
-57021
46940
4299
-33552
-44031
-59260
-23773
-16429
50984
42772
26269
27932
-39802
13505
-47065
5160
-15555
38104
-44647
37425
39245
40289
43577
47706
50493
7366
17951
28374
48407
-13313
-14235
-47393
43805
-11330
-20612
17635
21525
-44852
-33076
-25522
-21663
6994
16519
4984
22217
46977
-41031
20146
6119
-30174
8866
-41829
-2213
9471
-4135
49491
-41459
27600
-56407
-28480
-3277
-37229
17621
17356
-6215
-21627
-46231
-7007
43957
622
7650
38041
-57884
-56997
-50670
-24944
-56575
-27924
-27641
1420
-26105
-31590
-39907
-49124
30083
-36606
-1282
15971
33420
-60352
-10665
-54634
22034
17880
-15325
-7701
9597
-37292
-11458
40307
-25514
-31786
-33855
-37247
6783
4304
9466
48634
-10594
-22301
40593
9472
-17562
13780
47133
-15191
-3663
-44761
15016
-54061
41344
26170
-3922
-15344
38985
50607
-22509
-38017
9040
390
8927
-17624
-23453
51423
-35732
-17285
1663
-32234
3070
25734
-49522
16020
-1768
-27842
46134
-9543
4994
2935
-37906
-34244
44291
43926
-59892
46568
-54978
-50759
-3410
14260
-25642
-38299
-52657
49940
-4180
29121
-25889
-686
-12121
12076
32345
29938
23964
-10632
-58671
-32735
2605
14282
34524
-21877
-56241
-23807
-25526
-34340
-7886
16681
-31377
-45244
-16080
-7487
27655
21282
41929
49396
-28170
38582
-50713
-36001
-56936
40892
8493
-28046
14811
-11784
16043
33559
-50631
-46074
-13687
-5355
15458
-31289
-16097
-16630
25953
-57489
-47102
40110
-49713
28407
23777
-39501
660
35690
39695
-51254
38001
30661
15306
-37809
2100
902
-9744
-781
-24686
20298
-12586
-59183
25888
25779
31105
49925
35359
-45190
-5395
-43477
-33139
38851
-53166
-59024
604
-23780
-40868
17654
-39776
-46012
-54776
-17748
-30160
8758
-5270
-4738
-275
-2921
38709
-29125
-7568
8084
-27550
-1125
-28014
22761
-392
-47438
-15410
-2865
-22015
-15755
24815
-10603
-21619
47950
-51228
-53181
37854
24085
-42476
9694
20064
20148
-13979
-24414
17036
-22361
-1467
-30918
17861
-31956
-25675
-56122
-52226
-50369
-56603
-5176
38339
45116
4127
29566
-56579
-9705
-56088
20400
32553
-28459
-1737
-24156
13834
-16677
40347
-23275
46459
-57610
-24758
-24618
34870
-50785
41177
-17832
12775
-32924
10435
-11337
29010
-55860
29388
1778
-15365
-58893
-44840
-16884
37623
-60068
-31253
5806
37665
-44606
45870
11145
-15030
-34797
28819
-48775
-1269
-48916
26827
42241
-236
320
-8976
19890
19165
45876
-58877
-19747
-31996
-40589
427
35475
-28951
31967
880
49146
-42326
-1632
15753
5047
40054
3526
-9912
-5579
11439
44497
-60422
16772
45697
-31812
49244
-56231
43141
7998
-37553
-44769
-22174
3555
20442
-18953
-22077
45335
-29219
23132
27912
-16121
-14573
12931
6268
-20055
-16724
35902
11396
-37946
-59631
27940
35944
-26556
-11748
-43550
18429
-2413
-19401
26739
-50115
-9970
-54086
-46402
33269
-15499
29002
-37420
19192
30827
364
-7104
-5817
-25848
-16595
3485
-55928
41872
13679
38638
-28871
-18611
-6774
25443
-32211
51597
-19289
-2366
-35333
-50524
-36573
-50203
-32677
9480
-58291
48612
15237
-42
-35713
28245
-3722
-48337
8333
14230
47710
16284
26649
21150
-48817
-50758
48216
49005
1604
14196
-52503
36856
-26849
13360
-60432
34686
10456
31485
-26761
-45276
42808
22285
-48087
-9088
-52806
-58938
39097
46308
498
43118
-349
41608
27386
38823
51684
-12720
12259
24629
-37993
22823
11382
46385
-39103
43832
7029
-58585
-49985
-52961
-15803
40014
34789
-7820
-52798
42429
8083
-59326
-7067
-6768
-53489
-34953
45466
-15193
51264
-36212
15002
25625
-9889
-30415
48113
29458
-28006
-56501
-25076
20517
19874
-23356
37148
-44252
33546
1090
4624
5293
30166
-58528
1917
-44283
30059
19758
40813
-10140
8694
-20998
-16398
5497
24749
-53426
-7551
-26833
43278
-20945
2599
20013
-30658
-59991
-31830
19532
9775
782
-28309
-7899
-5718
32992
40624
-44548
-43602
-30512
48606
42861
-16966
12978
-36154
12795
22192
24025
17663
-23602
9240
-17430
32398
31057
-14011
-26855
-54104
-8237
11566
17034
-32673
41389
43945
33264
-57242
20540
24249
-37627
6907
-11163
-43891
-60442
45037
10006
-45293
2182
38539
-18363
36834
10837
14373
38530
40026
1800
-9949
38701
-13991
-49383
26038
26694
45400
-25585
46461
-11831
14985
22363
3553
2847
-56737
-48075
-60340
50441
-31632
44357
34504
8026
32326
-34189
-24484
45061
-49668
-11970
24113
-21129
17655
-27175
-38925
-47547
44945
-46552
-43167
31671
37327
46673
5781
24602
-58249
30201
25638
42198
16712
20783
-56770
-56504
-41621
39271
-14027
-18060
-49407
-31916
23767
33176
-40357
-46288
16457
4140
-30030
-6773
-27494
27353
-4437
-11737
-45106
3330
-58392
50113
-8002
-11940
22029
2106
-3806
6446
-44334
12545
2774
5230
-3299
40066
10976
36308
-38814
21202
-18523
17345
25848
-7451
-37522
-13677
-4501
-52429
34279
-4877
-19931
5478
17096
3867
-22813
25141
-46018
19917
42408
-51046
-57065
34932
-57131
2174
-47891
82
-27426
31342
-53765
-50605
-47790
-15091
35181
-30057
-31441
-28568
47897
-32166
-54498
24898
-10671
-6187
7272
-37818
14129
14965
-27255
20903
-56475
25432
24958
9462
-36287
49921
34042
-35623
1711
7816
22161
23770
-45678
-10876
-32772
-48550
-38534
-34808
11790
37997
-59356
-52008
-34043
47662
-11015
48200
-45557
-6038
29273
-36684
29174
-45500
-42060
13015
45558
-27246
33385
11107
-50550
-4159
-51191
3484
-4007
26054
-27890
-40435
-2712
1122
-6077
48480
47188
36549
40319
22920
-53661
-16279
41544
-14364
38846
-50944
-54135
-51050
-12559
-16749
3472
1106
4475
15481
-18032
18375
28645
9940
-34391
-13356
30052
-47200
46005
-13004
16406
15740
12464
11656
-15941
-49312
1326
46216
12303
8971
-49385
7580
-38705
36418
-26834
49823
-38131
36237
-39531
42039
40983
-20079
-37454
-3585
35452
-37624
13598
11847
9431
-34270
5381
28310
-5258
6700
-36432
-24893
-52055
12272
35650
-25221
-4574
-11168
31907
-4760
-13924
11581
-34839
-6955
-11984
23292
-58930
-37937
17993
-58472
25402
50436
-12398
2976
13571
-34416
-15947
36802
-5009
22697
13533
-24087
-1085
-52519
-42158
-50675
50744
51622
-58643
-29426
-11393
-7079
16640
40842
49499
3
47307
19112
-28052
50415
-40392
21991
18074
39571
17729
-12201
-23025
-59677
-21797
-18818
13507
-1884
18562
-4491
-57908
-30423
3677
-38995
-18119
10566
-7933
-54150
17132
10096
-56720
-13784
-312
15278
-40479
869
-30542
-25775
43616
-11651
-14214
-45443
-55903
20675
-23567
34618
9074
-46732
2557
-26350
15530
-13861
-4114
-33871
49949
-11055
8697
36338
-35160
4785
18499
-27518
-15498
-35473
33458
-31679
10887
-12613
45142
-49896
-39864
-235
36329
-2471
-22592
460
-343
-28433
7596
-31350
18569
49227
-15829
14769
47666
-6160
14131
40750
-54378
-19650
-55422
15104
43413
18430
13023
-33616
31443
-48693
-40855
-50375
-12673
-12209
11983
-50157
-1738
-25979
-18458
-55352
-35081
6110
-2136
7860
-30808
-38932
-43703
-18690
33256
4273
-33195
-55203
50064
-5784
-53901
-59554
-50154
-10832
14601
-18998
-3813
35243
18591
-46371
6725
41572
42272
32514
20056
19330
3400
-35436
47822
-59693
27707
49968
-49425
-48808
-3599
24730
45464
-25846
18561
-37357
31675
12294
16576
21473
38011
-10936
24508
-21036
43571
-9114
27721
36145
-45598
46151
-26622
-36585
-39342
-12072
16329
20527
2234
-48233
-25957
-19720
-21509
-47549
7320
2314
-4707
29380
-33234
9152
-52481
30766
-14942
-32174
13237
-12957
13890
-32542
18999
-47331
47487
-24971
4221
-51528
31103
-37884
14124
-18250
43664
24724
36453
4691
-4466
49865
-16110
-27796
-32033
3246
-12467
15671
-59011
19218
51902
-42675
-16331
-44259
49712
-20674
-8248
-27798
-5671
4260
-4781
-46336
-1734
-12607
49098
-23810
5186
38029
17127
-4289
-37261
121
-6840
-36327
-54348
45794
-58608
-18313
18902
-42140
-46767
50902
12074
-14653
-57513
-3653
-55571
9168
21579
23106
1539
-14252
-42952
39045
16759
27638
-25426
-4150
-6308
6195
-53107
16748
46355
-45051
16914
-35588
-1673
-42397
42942
-9713
-6723
-12241
-51668
-8970
50357
16471
36133
46980
12574
1713
37845
-9901
-11546
11904
32184
-22960
-2330
-21659
-38509
-58072
3347
-4664
50017
-48986
-3166
12306
-27946
23946
-42398
2382
28178
23587
16336
42451
25455
-53850
-17053
10595
2419
27924
21070
-40976
27327
27123
9714
-8327
-43683
-364
19707
-9747
-49256
-2267
-50546
18494
-56917
14948
750
25596
20947
5990
10886
-21912
-36193
37342
-18568
-58595
42940
-44546
44011
-31120
-4068
20806
42987
41550
-7787
-34599
-14440
-43374
35836
47718
-14167
-35332
-59385
42054
-19879
42162
-13151
2913
41524
40800
36436
-54549
-6234
12208
39965
14803
11027
-28915
-37310
40574
-1859
41043
15518
-32845
-9973
-18963
-30259
39251
-43124
22789
29682
-19607
37259
15865
-42311
50637
21617
-39990
11713
23122
-47703
4343
5131
8007
-52689
34945
-24005
-737
-30636
-31516
35876
41003
11165
-42932
-15665
20006
-36014
-37848
-51234
13875
-17922
4494
-47003
29743
22235
-12188
-20547
-24530
49964
14671
-19629
-16678
-30872
-57624
1454
11054
-50403
30695
8863
800
41551
4689
-39075
15018
-6830
49230
5845
-34805
18205
2664
-19123
-24229
-46817
34514
-44273
-40891
-55770
36756
-13283
-22671
31331
-36538
39119
-39971
51436
19023
23601
-41351
19480
-16092
-26373
-14068
46808
46466
17573
-23027
-37898
31451
-47884
-12129
-30846
41381
-39421
-6601
-12542
-25069
-37089
33696
16896
-21412
45474
38930
-24744
28990
24861
-23084
31269
33913
-41705
-49054
-31347
49554
-27757
46939
-60291
-24025
15900
-43630
-9376
31140
-15456
-40281
-13868
4032
42912
18329
699
-7334
-46953
-52928
2116
31264
49515
17453
34381
-30128
-11245
34321
34069
-56049
-11340
-2997
-51347
-34868
-45156
-22431
-14329
18222
44707
40969
22204
-28312
-13448
6262
-58888
16158
47992
-49443
31793
46958
-27886
18102
23462
-37375
3516
-42994
-29137
-51961
-5277
35968
587
10833
-11688
-55566
-13881
-60065
-7430
9027
-23594
-33812
11905
36445
-24514
38723
-8547
12498
29283
48454
-13812
23384
-1114
45364
-14486
15067
-33090
38313
-54353
3862
-20060
-666
18733
5307
13095
21175
5409
-15708
13107
43111
-34777
4447
50376
36220
30970
12687
16836
-11106
43684
-9333
-6396
8329
-30902
-6591
-107
33528
42539
-58025
-11895
2959
37158
35287
45280
6953
46952
-13947
-10786
17834
5156
39881
12078
-18566
-8423
-19190
-37944
-16696
26353
-30624
-29493
50448
13850
16634
-49586
-48608
-32953
44897
-15241
23962
36059
42547
13981
-48368
23225
45716
7401
-33052
19504
-60143
-20474
19461
33026
-5597
-35393
-13375
-32337
-12846
30758
-48333
-42276
28905
15181
20424
-7498
33336
-16271
41541
14949
-30349
-37235
8949
-55163
-51485
-20226
50434
-25759
2895
-52407
25015
-16435
9283
4823
-54508
48994
-52252
-58255
26136
7482
15877
-40240
35878
-40226
23602
33459
-51368
27402
-41485
1289
-18211
24851
3408
11887
43315
-5272
-26231
45649
-43142
-32799
38212
25618
-5977
50938
-34355
-40309
-35064
5111
-35187
-35579
32204
-58999
46652
-47112
-43912
21730
45240
30178
13743
49668
49388
-2912
-17958
-2648
22044
1618
-5951
-29269
-37204
-23070
-43552
7971
-14396
-31483
28134
23125
-38647
-18269
15191
978
-15230
-22287
-46225
48541
-12910
-41873
-39724
28764
-1878
48859
42572
-3285
50711
4404
827
32367
42067
12548
18492
-21551
45435
-33342
-58225
-22871
-38829
-37014
36806
-31240
43682
-39732
20168
-46206
42694
24520
-26636
30905
-463
20888
31059
-10592
13764
17671
-15512
-16505
-29615
-4238
38466
47330
5283
10695
28525
31297
-25668
-4073
-48447
-7174
51465
39528
28708
15231
-9667
-39510
38772
-5948
31052
-22979
-2809
43253
-44506
4869
-45563
15254
-5171
50067
9175
-33399
45862
20857
-50730
49912
30167
21724
51532
-33219
10180
-16405
-25943
5482
36572
-35787
7491
-31282
36512
37956
45281
-55150
-19902
39467
-3678
-4275
44763
-6501
-9549
-1068
-5989
-24705
42629
-24095
16109
-55790
31360
46951
14255
10311
-4000
25729
14688
-12880
-16588
-51767
43163
5912
18039
29485
-10948
2591
43700
-14373
-37142
13740
-43303
1195
48777
-12882
-52492
-1355
-31322
-24261
43517
40629
46239
-43057
187
39096
42749
-10728
-28389
10100
-58843
39518
-23236
40924
51433
49209
-37927
30492
36407
22037
39117
-7117
-50910
-7372
-49429
-17520
23168
-17490
23880
-53604
-43798
-16613
-54520
-1103
-9471
24319
14074
-27570
21451
-52699
30843
14173
-46123
-1199
13488
-30377
-228
37480
18879
18446
-20562
-35316
-17185
35984
24755
-48439
-5076
39814
-14124
-44998
38777
-45107
-15421
-4406
-5727
-37742
-38338
4720
1181
5551
-35028
-26608
43020
43549
-28058
-38707
38506
-44116
33403
5035
-30660
30065
47854
-2884
8093
51846
-53641
26868
-48427
15049
-57498
25478
-29530
8428
25102
9849
22341
-57294
26902
3125
-54552
28872
28507
-6098
49966
-30507
-18926
-28621
-5065
-8311
11671
-37726
-35322
31213
45429
23463
-23875
-52750
-2765
1455
-53546
24662
-37998
10445
-54808
34641
40049
-58283
-28619
4523
-51684
-21274
-7537
-18612
-44704
-22115
28429
32884
-50822
-52047
12087
24618
-37411
28141
-54011
-36185
-19700
39075
-45935
8618
-37702
-30494
-48120
31620
35865
17393
32460
-38080
-30306
-38499
3565
-17034
50374
44141
42430
-27045
17237
10501
-37073
-46317
-1185
-4417
46827
-11499
34726
-43463
-42014
-54274
20501
12423
-51250
-12012
17282
-37995
34611
-46444
49735
16250
-45906
40765
3140
13920
27644
14969
-8908
5977
-14977
46004
40407
9334
-41307
9418
-36856
16296
18903
-43824
45115
-4376
7881
-5442
-47161
28889
-42318
-20105
37516
25223
20842
-9363
17916
-4725
-20879
-21867
-32901
-33034
29307
44338
-56977
-45903
25101
-21187
11359
-25130
-53319
51714
11227
27919
-24437
46086
20804
-22106
12241
-24993
43503
-49838
34816
-11770
44951
-60062
31407
1302
-21411
2060
-18709
-46430
-19621
16394
47154
9768
-55545
-7962
-12580
-45930
16601
7636
17195
14376
-30604
40542
50163
-42109
-43277
48698
-27879
-29197
43636
-17374
28381
-53794
6643
-32347
22375
-43995
36765
-45360
47071
26093
10412
45654
38404
38338
30858
48768
26892
25522
10933
-841
-741
14156
11710
-11088
25301
34635
32250
-28768
-40
51693
38393
-45337
3007
-24601
3775
-58706
-8218
5615
35025
12632
-40969
-43583
-41492
25536
-35435
30792
35493
40375
-10028
-7358
35327
-23167
551
783
11578
20563
-3811
15615
-18524
-4525
-17363
-27311
-19056
45079
39016
-40808
48315
1128
-17867
-31232
-41075
-56987
44362
21495
-48137
29233
-1915
7084
-34834
25774
-6892
4736
41731
-34121
-3182
-36593
3722
39337
-30321
-13814
-2305
-41418
-36977
-55452
-53382
-46718
37593
-1609
-45018
-36833
14199
-50501
-33382
1321
30351
-15166
9020
-56993
-41044
-47806
19289
6910
10142
11471
-23338
-51224
-213
-15017
-55641
-29823
-17497
20487
15553
33722
-30463
21386
37448
-9699
-44175
-29407
-10075
-1046
-41119
1986
29756
-11778
28537
-29360
-48646
16722
40985
41965
-6481
-37529
-47036
37844
-20328
4979
-27421
-29739
3064
-8779
-26730
40037
-60121
-45729
8792
-40797
46475
-3578
37630
-8504
-41573
-50862
-53313
33684
20958
38166
-41008
18925
-44837
4420
-14685
-32412
-26528
-53028
-43945
12555
-40840
21300
38343
-11586
46200
38502
41378
-5490
-59938
43537
-38061
-18731
540
-32413
-57417
6512
41571
30474
40883
-23653
20411
-46118
9077
18795
35416
-6032
20368
19847
16972
10377
29052
-6882
37286
10003
36691
-9049
42059
41865
-58996
32917
43245
40293
-59044
46565
34772
23641
-23644
23953
43864
-11711
49801
38892
-46057
-54429
-48011
-5766
-40753
-2590
-53614
-55253
3970
-2756
44769
-2412
16468
42819
-4093
-41264
-10837
-25864
-2602
26589
14566
20638
13008
43222
-56476
-46417
-6314
-47317
742
-44292
-32938
43719
-49833
-38539
-33474
51073
-36712
-32817
-26878
-40911
45162
44838
17885
44750
-56019
-56490
-52299
-8582
-6997
-39857
33199
42845
39801
23599
-23692
1598
33109
-25481
-50072
37647
-32652
33741
-28277
-55208
-20593
-9780
-59806
-3064
-56866
49588
175
10696
1540
23386
-42348
22480
29063
-1413
23744
588
-7262
13227
42692
-59083
39255
45806
29088
51806
-50889
22929
29540
49334
14134
30259
29022
48956
21388
-5287
3257
-3918
-17963
31146
12128
2293
-53078
22136
-51633
48686
20897
10001
-1721
-1264
25891
-1277
50771
4644
-30776
-57515
39987
47026
41966
12123
15073
1346
-42400
-48178
-6432
25424
-18164
50026
-5957
-16679
-31541
45049
19252
-39362
4421
-17618
15134
46858
-56790
15403
-49997
3878
-32874
-56930
-19226
49720
-36043
-5292
-32978
-33570
-47396
33783
41614
15634
1024
1214
-37740
31304
7774
-53496
-22967
-35752
-10204
-6603
24376
-22307
49660
19271
18273
17380
35373
-5459
46994
26602
34028
24709
-44809
11972
-32552
-9738
-45056
44174
-5582
47714
-3238
26654
-10011
-25079
-46549
-10174
47720
-54594
5983
11894
10576
-2530
-59558
-37572
45459
-40016
-58355
16580
39809
45170
37137
-41530
-27180
29454
-44603
-34128
-44005
-35401
-377
45643
-56962
-153
48738
34551
-11705
-52706
-22240
-6933
-33702
-50688
11300
-30027
43475
-44047
-8032
-48110
44652
10712
-37530
8482
-24377
-24340
19410
-33340
-22135
28211
-19442
8795
36921
-42645
50619
41394
40588
14610
20818
-38826
-53361
18691
-7424
16011
-42475
-21203
29782
32197
-53067
41264
44660
-46880
-26634
25822
-14618
-6593
12923
37749
30152
-43704
23966
-34382
50605
-26262
47855
-19757
51906
15646
32058
3180
11476
13161
-31489
47587
14021
11298
-40936
37632
-20772
-48025
-25283
2569
12411
19523
-53556
30272
-52891
8478
11920
30038
-19402
-58192
-26723
22271
-37955
-21370
-54219
10342
49398
-59306
12384
-22699
-8909
13461
-4873
32927
6943
26131
-11964
-23697
-37696
-45750
-48249
40502
13247
50134
30428
-3236
-43726
15982
10818
-20257
50408
46145
-40692
-57678
-45271
20710
-23037
29779
-45861
-54698
25568
-10014
-50265
361
3134
8415
-43367
-44536
-59240
-47119
-5919
-4511
17598
-59483
25640
-29292
-26660
11234
-53630
-59986
23208
-41823
50559
-1843
49040
23717
-14832
22274
50318
32795
-8209
22917
34256
-8410
-14677
8575
-25266
-14170
11699
-54311
-586
44908
-54199
-8974
-49142
9686
-52781
-13477
-57211
22622
-742
27925
-1569
46317
-21767
5250
23215
-57726
-28325
44285
4658
-30904
-31368
40816
-7408
21458
-55683
-8408
-16266
-1774
12647
-2881
11146
-37888
45584
4465
-48384
50912
-32670
-21954
-51914
-60265
-8486
30734
-19950
48173
-34226
-53122
-5144
2798
5940
37153
-3531
20667
-5289
40731
46137
49488
16114
-41771
49082
17611
-13804
34623
17889
19952
-30861
40798
29610
5924
-7235
-2322
-227
-35926
40873
1844
831
-57308
-56340
21553
42984
-54849
-11470
-36661
-49381
20670
-16476
-55577
-57539
-37616
37291
42707
6278
-43113
51862
-53678
-44063
-56693
9220
-31954
40001
30596
-19692
-33692
-44162
-7649
35008
5865
38698
-32922
17358
-27118
30534
12205
39324
12312
8960
37954
-22502
-20152
-51456
-27915
-44604
19686
-46614
693
-380
28578
-20071
-59603
37774
45935
-4283
2953
-22719
5926
7070
1836
38599
15193
51067
-43420
-23385
10642
-26230
37934
-17503
-2210
6908
-41181
31328
-12057
29491
18747
8110
262
19904
-45879
39227
-58624
48741
33040
-33281
12455
12717
23389
-7181
42689
-21367
-53244
2674
-45250
-58514
-25707
46487
45513
37367
10999
-3088
13270
-5838
2684
477
-56576
40974
26799
49851
-8521
20952
-22589
-36607
-46924
-38737
48102
-31833
14886
36862
-38256
-3174
7713
20226
44785
16592
14840
29836
49377
-7258
9420
4126
5729
-27149
-44384
-36226
32993
-54402
-29535
12143
-11832
-42727
15965
27628
38536
-58348
30886
-3824
-35644
-26285
2562
44626
-2469
-31940
-52227
536
31895
-23215
-37254
42353
24529
3504
-4546
30577
-29703
37273
-4480
13768
-58556
-14426
28322
19737
-4853
1505
73
-48219
-58265
-56775
-59379
6551
50234
-7143
-24849
16165
34639
11438
25160
41609
5040
-52452
29519
23831
-60360
24387
31808
37513
18628
-31892
-8068
21379
-26866
-48132
8561
-58475
-43479
1838
20210
51486
-46478
50083
-27630
50469
-53743
48800
51472
22532
28821
-41315
40216
25920
8175
-19148
28841
-41336
3992
16589
-40807
31727
14045
20672
-45615
5008
17156
-5458
-39595
37477
-60142
38487
33964
-43568
-52830
-12865
-44157
44064
-39263
-58289
31402
-8998
36397
42255
18852
49901
16303
-10811
49845
-31251
-55475
4067
32408
29643
-38968
-29444
-7733
-6309
-746
45290
14897
-35619
-14665
38713
-7676
18899
15453
-23678
-33807
-51530
21468
20514
-30928
-19782
16160
49928
-280
50093
-29621
15741
22558
39904
-20383
-15656
49097
-13332
34528
-53375
43027
44335
-38753
46069
-36430
28820
36544
-15553
-5349
-49453
-30982
21564
30498
36601
-56873
-14984
-33177
9113
-34249
17682
-673
4808
23718
-19175
-33295
-10060
7594
-56932
20703
-56543
22925
12262
-10770
-15978
27496
-12237
-17711
45347
40180
7668
-44048
36398
-7332
-42502
-59222
31845
-14171
49846
14327
48389
907
-39852
-28808
23879
49094
3983
-17900
22677
-56779
-9947
38936
-45322
-12071
29126
-36385
4583
-36136
35077
38830
-1360
23860
33828
-40532
37460
-32876
-40363
-44454
29789
50758
38799
-55388
-54661
-26670
27615
-16081
24849
1597
-26234
48309
7128
-14689
-16402
-50511
-21969
40271
29110
30911
-50023
-7924
-5890
-16432
-56809
-38096
-27132
-24945
32579
28981
1165
-49180
4361
-12771
34027
29926
-50937
-7138
-16236
26579
-32850
4244
-3748
-47332
26643
-58493
-4577
34847
51725
33487
-50161
34541
4842
-20688
-33868
22334
-12986
-16309
-17786
-13328
-18094
-23758
184
23405
-314
-20487
39826
25658
49618
28075
-45865
-11744
19647
-19042
2057
-40020
-52926
-3009
-13239
-33922
34637
-54263
42892
-43428
35863
32612
23201
-577
50879
-49614
-22791
23015
-36775
38664
-16864
-57590
20415
-1903
9865
-49909
-53242
-1723
-329
-49854
-1468
-10980
-45489
40853
-40890
-16903
33672
44368
-46058
-46865
-2751
-9185
-16316
16012
50486
-1810
-58338
-16145
23306
-35587
-44467
5556
-27395
-40290
-35303
-12341
-16466
33110
-18268
-19967
35524
-33601
18570
-34126
19720
4119
28586
9761
-5628
-30287
-4395
-9474
-37763
5144
7675
-34214
51550
5287
8002
12206
46593
28410
36131
29129
-13660
-8499
33987
-29312
7076
8729
47948
10788
-31910
-2748
48868
-12348
-57524
39995
46875
12400
24803
-27714
-16989
51510
-7685
1725
50158
5675
-34776
-51179
-29792
-44413
3440
9609
39676
-28053
-27599
27458
-4682
11730
-2170
-26319
45652
30473
-39601
42614
29046
-8233
-26996
39751
37676
-249
13260
8149
-17388
-38821
-1963
-38374
15455
-28643
4488
27010
-51048
-46963
19464
22882
35183
-25544
42326
43884
-45121
28634
11630
-9630
-94
18636
46509
-56908
-28129
3428
-22929
21879
-17212
-39422
13910
-21035
-15767
-8615
34421
44173
-55297
37813
-5835
13690
8737
38806
40957
13409
-49226
39860
14714
-51669
46598
43210
-49857
-28919
-27411
40916
-36313
4157
5632
5120
31251
21688
-47754
17593
-21068
-25593
-46159
34540
26332
-11551
-24399
-38581
21369
-14248
-37421
-39872
-2460
23377
5140
-9347
25043
-9002
46561
43257
42501
-55646
-37369
42739
-46278
-21995
26519
-13157
-25644
19573
30813
-40391
-7920
21339
-12228
4043
-55465
-9934
-16697
5384
14499
-10070
37524
-3779
-49088
-33306
-46934
-54450
13657
-10049
7279
48355
43873
-23399
12693
31290
48978
27617
-10249
31644
40203
-53099
-21846
40576
-28746
18422
28125
10816
-4156
-20636
-29570
-47668
25662
23305
-596
23187
-24366
-4641
10507
27874
-660
49957
40667
51815
31899
-58403
41390
-9199
29195
-53540
17189
51014
9260
40648
38992
-36373
17809
44910
34992
40836
-27737
-17491
-36545
-30099
-51231
-50194
51537
19937
51070
5333
15017
19658
-21151
13947
-20335
45317
14923
39667
-32240
4435
-59297
-48251
28411
30820
36983
-47085
29374
-53216
-42129
22156
-7203
3505
-36384
-7988
-49939
-13083
-33346
-28113
-47864
-16211
38748
-6084
-8708
25617
-33242
-13759
48654
30261
-9329
35231
-20920
-52559
11525
-47348
32235
-29738
27026
-57245
-15151
4603
-32991
-637
21736
-7923
-9217
44401
15233
-53004
-26983
-7223
50115
-37640
-19070
-6566
16961
585
-43794
44849
16427
-32923
-29506
40742
-4309
4006
1708
-47428
3640
-5513
-43246
-56232
-39529
-36635
-4763
-29705
-8701
6602
-13649
-44792
-3020
19413
-19719
38739
27777
-6237
36167
20622
-13930
6503
-42881
-11525
16713
-4027
50065
32360
38793
-14997
8810
29127
12245
11506
19850
35391
-43476
-44149
21396
43012
-27002
-34814
-24799
-7422
34580
17029
-37762
31029
51082
-36488
-59049
-25629
21110
48792
38201
-41586
-52704
49950
26614
8041
41091
-19915
19095
-22191
-4101
-60021
44154
38911
-8928
17080
-6373
22450
31349
-14186
3386
-12017
34004
43966
32336
-10676
40397
41830
36993
38256
-53238
10915
-32057
51075
-18420
-58712
9827
23013
-39829
18503
23589
-33433
37116
-11517
-19758
-30620
-25139
-36281
48257
672
-14625
-29807
-22285
-29710
-41085
28218
25703
-46396
-9773
-24657
-21264
-52933
-10042
19901
24581
-46791
-39646
11477
-8921
-57103
-27006
50204
45226
26281
-16925
41650
32165
-57470
-44787
-48869
-60366
23842
-58489
-1637
-16852
38414
-20889
-27752
12908
-13661
27908
45754
-7293
-14222
-32416
26964
48996
-51502
2011
15101
28009
-44289
14344
25720
-11894
-57035
24060
-11535
20473
25994
3727
18339
46093
238
-2720
17868
-13011
-56892
41736
-34720
14579
-34317
-51606
-35755
-57786
668
-55342
-44495
41285
-56963
28791
-19569
13568
7571
22284
-27765
17602
-35849
-22347
31256
31205
-1753
-19400
-50136
-42137
16644
-13442
-12736
29662
-2828
33753
2147
43561
-29622
5744
-34812
-58276
-22273
45783
-56028
-46947
35660
17853
-42464
18837
-31049
12213
16715
26744
-32549
39008
8900
-15379
-4120
-2522
-25884
-13296
-18439
-40942
25895
21544
-3040
-25230
-19727
21047
45777
49437
20920
35924
-51151
-52269
51201
42370
27202
-52352
39771
2735
44754
43139
-45746
39268
-6850
-57971
14589
33239
45809
-13322
49862
-13892
21616
43940
10982
6879
11120
36367
9379
49920
46618
34252
-12807
-47888
-7246
-29984
-8395
30386
-33667
-32233
30362
26522
-29888
46431
-55364
-57359
18462
17557
27887
44139
44875
11318
36649
-41265
-15851
2367
-43387
23022
-26514
25184
37871
30275
-32758
13998
-56547
-47854
35723
28625
-45142
758
-50214
-25600
2810
-52487
-2811
8017
-40683
42814
-44879
-14686
21902
43359
-41921
-34991
46224
-36398
47380
-45402
-12459
27208
-10536
-60292
18997
-37168
6255
-57146
29407
-27920
-32971
37169
24585
51323
-20992
51709
-46458
-31100
-13342
51356
257
14253
19764
-19487
-22565
32808
-2827
-2295
50092
-60330
-40067
-21186
-13963
-57738
-1439
-36129
43470
-30446
-56690
-11322
-58337
-43413
-17764
27000
8047
-9281
-57997
21152
15813
41272
-48218
32064
23542
-31997
39315
-14634
13210
13076
14295
-20958
23369
19176
-18875
-4579
-42224
7425
-54558
-15948
-50663
-38310
27074
-54976
6506
19701
15857
8459
32562
24641
-6217
-36049
49439
3076
3312
-57593
29141
16018
21331
29362
38776
19682
-55288
741
38648
28918
44752
-53715
5629
-1798
-3405
45728
-10184
44492
-6856
-54921
22260
8835
2960
2552
-7803
46910
2714
44568
44095
-18182
-10304
-15507
45199
34610
-1000
-50958
48082
22178
-31517
-56349
13482
-14038
-58737
-2154
15084
12697
49178
27847
-44196
-33902
-11512
-7593
-38177
-19962
-2595
-59096
-7106
-33683
30553
-39526
14657
-10668
34744
-29944
18538
-9372
-45458
36658
-19572
21450
50192
40355
-37456
1350
24725
-1572
22297
42159
3135
38692
-17881
-37656
48057
-35051
-32893
-18315
44324
-15970
-42351
-20391
-42067
-54895
32000
13698
13110
-44182
-26912
-37638
29897
-58353
38746
-11721
-37716
20038
-29539
50731
-29337
20533
-32244
-47827
-11987
-38289
-17002
46764
19805
-12419
-21101
29026
-14909
-12296
-820
47593
-27604
45442
-29087
26029
27497
38881
-1233
49347
28420
-42929
821
48920
28056
-52221
-34747
-3550
-40641
7148
-27777
-17103
8624
-4173
44399
4012
5789
-33099
-38077
-19639
-27324
12327
1373
-54862
16776
-32249
-56877
-24609
-42629
5386
-49445
35043
23972
6607
-8673
7434
-5639
51470
-7813
37730
-22169
-3355
-2672
7456
-29880
-35592
5217
48014
8498
6817
-46034
37660
-20185
24313
46518
-19286
-30230
24742
25394
-7679
-31429
16321
-18219
-21677
-326
23951
19319
33894
-48045
45752
29043
-37253
-56887
9833
34636
-43569
-53818
-1824
20180
39428
-47760
-12060
-49792
-1113
-34717
34612
-38659
-23498
-1447
-11087
15729
18469
49853
2771
-26546
-3435
-52994
29561
12106
46042
-51659
-32792
7435
-21726
29635
-43058
28980
35875
-48684
15242
-35387
-16385
48369
-51538
44331
42723
-57176
47240
-21228
-2785
13166
-2476
17996
-28008
21722
-24416
-27259
-60162
-47126
-30911
8594
-41236
47599
8943
-52247
8381
31042
39839
37233
-60380
39438
-31989
26601
-29187
7118
-2381
-19631
-42151
-39286
30693
22041
32697
41468
17114
23805
-33535
31128
-35292
8222
-50882
-45143
48995
-21465
-50107
13918
-30932
-25006
35348
33377
13852
-56255
-3627
49832
-8785
41327
42586
-49409
-9617
-57553
50618
-26264
-9596
-34779
32034
18151
47046
37413
13680
-23787
6294
-36801
30565
-54222
-41219
-55560
-32823
-50087
23259
-48054
-59577
-28202
-5896
11168
-31496
-22821
-15938
-10236
-51165
22914
50873
22783
49922
-31642
-16065
35575
-4621
-12719
51625
8987
39730
24142
43416
38529
28214
-50581
14868
-13617
-15097
-56304
-30401
-18226
22711
-38430
-32439
12823
-7028
-47707
-19304
34266
-26648
-54884
4969
13911
17942
-18965
-53777
-8680
-29588
33101
9614
28157
-55454
24959
-5576
-38778
626
24473
-34761
-9712
-25597
-14801
-24275
-41619
-24973
-35459
-26340
-44777
19979
-35642
9696
-30278
34262
12586
-57250
-26888
41407
41303
48104
-6778
40350
-36118
7602
-26299
-28699
-13552
24856
-58951
5815
43259
39811
-9221
38187
29912
32199
39951
45462
-10584
-12383
-21560
-3312
-20
45536
-22324
-36076
-6866
-7668
-6744
13021
-9732
50124
-16831
-35112
47753
-55812
25254
46426
47241
-8735
-32743
-10388
25698
27416
48472
34794
42173
-55165
-51440
-51052
-46438
47052
-8226
-43397
-3281
-13616
-34168
-31919
33463
25047
-7546
-43068
-3338
-44803
38520
-3264
39403
19594
22936
50988
24304
-188
-34389
42903
6975
16630
-44755
-35548
-41100
-14621
-16477
-35975
4481
41202
22369
-267
-31854
-2313
-10491
-46357
45821
17865
36645
31247
29579
48179
25564
-37603
25632
-26672
-55233
-23183
-31210
-47106
23381
-59905
21876
-25745
48289
20105
-33734
40220
18278
27091
-8076
-15534
-40193
37564
9884
-31809
-18433
-49744
-1750
12329
22121
17083
-55437
-33951
32768
41552
7311
-47939
-18732
40097
-32843
-41860
16216
22794
-8294
36897
718
-4952
-59061
-55269
-27778
-56676
29951
-58077
31520
40517
-45691
26559
28041
28956
-32012
-8419
-20168
-23321
6893
50546
27280
-57431
7584
-20329
-57378
-40529
45420
21156
18291
39835
14209
-256
-7722
4156
-46517
-36334
22667
-1158
23376
16887
-22051
-52737
-45214
30481
-53723
16976
-171
-41196
16554
-17669
-23813
42907
-51159
-29872
23923
51312
21076
-7631
-59119
3566
46316
-60153
1312
-58129
-12600
50799
17805
26368
10665
28418
38068
33481
-1465
-15181
3820
-25820
-5134
35940
35758
-45970
28345
-39771
50785
47334
28293
33251
-603
48940
-60073
-4248
6845
-28180
43039
19050
-25372
-36421
-40883
-5072
39458
346
-51270
48687
-26018
-8525
24427
-18637
-2659
-9009
2862
-14129
-57689
32907
-51752
10103
37789
-30146
-42568
-32740
7030
-5255
-59936
6839
39724
12055
-50878
-6493
44755
-42977
42961
5318
6220
3661
-21952
11751
23593
-40561
-17569
6950
14914
32232
2818
36533
-3948
-46298
7670
-12456
-58216
-26194
29131
-32015
-41539
-16814
-11440
-49096
28643
3126
36913
-45932
18311
49346
11475
109
35138
-18601
38946
-9165
-27453
-57248
-30118
-53598
-35329
34348
-58244
-29273
46327
-21471
-42498
45261
10930
-15516
-17946
-52681
-24851
18189
-46901
-1671
26632
-42305
48927
-37487
-4586
17525
3746
-2966
-29457
12274
5202
32412
22427
-36539
-2642
14663
-39770
-35496
-7370
21812
46689
-23862
13230
51012
-9383
-31874
50532
-35706
24120
-56867
37990
4088
-44597
-9527
-39560
-24126
24954
-59753
27438
-13531
22286
21004
35671
-54530
23314
42518
47253
-39799
-30562
-38187
-59012
29206
16946
9617
-2517
44383
-38873
-11800
51672
-48399
-56552
21161
48790
-48495
-59069
-52430
-13951
17064
-3675
21429
1141
50341
30458
9616
23934
-41489
42416
-54401
17674
-29680
-55515
29676
-40773
-48303
13108
47364
16710
33956
39138
-4086
-818
44520
-4905
-20042
-31890
41311
-7965
36528
12328
-31699
-25647
22621
13967
25506
-5387
-33669
-52568
-44912
37823
45448
-7083
13589
45489
25579
-20354
-33829
44640
4872
6597
5115
46790
-31076
-45072
3268
36837
48538
-34022
9183
36935
9844
27556
14236
-7392
-43493
30091
-59744
18185
-44535
-28688
22553
2243
-4506
-51260
1281
-4859
-13198
29151
-24433
-7548
13526
1011
-1603
49115
-46241
50583
11593
-2822
23791
-49218
-12629
-35898
18710
11068
-15163
7903
-52561
-42571
39867
22416
-38656
16212
-17723
-15433
-51166
-32462
-16233
-48744
14042
-1880
21181
50095
13915
-5259
-38203
-38067
17528
-37236
13877
51685
74
1809
-13671
47937
7300
-42194
-23106
-7346
-18404
-51176
-17213
-17790
7026
-43611
37801
-40732
36651
-30994
-25643
51030
-30329
17631
-37263
11197
-1304
31983
-14210
-14191
-7549
-58140
18215
-14980
-52764
-31269
